dataset,subject_id,target_id,run_name,function_name,mutant_id,mutant_hash,build_status,test_status,killed,executable,log_path
manybugs,python-70019-70023,python_70019_70023_encoder_listencode_obj__line1325_1401,batch06__python-70019-70023__encoder_listencode_obj__python_70019_70023_encoder_listencode_obj_line1325_1401,encoder_listencode_obj,m01,ab2f8e8a4c8a79588b737bc2e6c3d8193ae79c33a7f05ab6941d52ef583d463a,SUCCESS,FAIL,True,True,harness/executions/c/llm/batch06/batch06__python-70019-70023__encoder_listencode_obj__python_70019_70023_encoder_listencode_obj_line1325_1401/execution/m01.log
manybugs,python-70019-70023,python_70019_70023_encoder_listencode_obj__line1325_1401,batch06__python-70019-70023__encoder_listencode_obj__python_70019_70023_encoder_listencode_obj_line1325_1401,encoder_listencode_obj,m03,70733e4461498a7f8425e29308f94b2043ea9cf4478ad56aec940de71461abd7,SUCCESS,FAIL,True,True,harness/executions/c/llm/batch06/batch06__python-70019-70023__encoder_listencode_obj__python_70019_70023_encoder_listencode_obj_line1325_1401/execution/m03.log
manybugs,python-70019-70023,python_70019_70023_encoder_listencode_obj__line1325_1401,batch06__python-70019-70023__encoder_listencode_obj__python_70019_70023_encoder_listencode_obj_line1325_1401,encoder_listencode_obj,m05,4d5c448b9e81e08f747f18f5cb7137e76abac89828191f00b18b478180c18ebf,SUCCESS,FAIL,True,True,harness/executions/c/llm/batch06/batch06__python-70019-70023__encoder_listencode_obj__python_70019_70023_encoder_listencode_obj_line1325_1401/execution/m05.log
manybugs,python-70019-70023,python_70019_70023_encoder_listencode_obj__line1325_1401,batch06__python-70019-70023__encoder_listencode_obj__python_70019_70023_encoder_listencode_obj_line1325_1401,encoder_listencode_obj,m07,0cb15acc552e9a7729988dcd099619bfc6c5c705b1ecfa405f6f15452e68dee0,SUCCESS,FAIL,True,True,harness/executions/c/llm/batch06/batch06__python-70019-70023__encoder_listencode_obj__python_70019_70023_encoder_listencode_obj_line1325_1401/execution/m07.log
manybugs,python-70019-70023,python_70019_70023_encoder_listencode_obj__line1325_1401,batch06__python-70019-70023__encoder_listencode_obj__python_70019_70023_encoder_listencode_obj_line1325_1401,encoder_listencode_obj,m02,1dfbf3297fe5cb00f25c10e3c5c875f75e719aee6f8eda4461a650c1bd9fae68,SUCCESS,FAIL,True,True,harness/executions/c/llm/batch06/batch06__python-70019-70023__encoder_listencode_obj__python_70019_70023_encoder_listencode_obj_line1325_1401/execution/m02.log
manybugs,python-70019-70023,python_70019_70023_encoder_listencode_obj__line1325_1401,batch06__python-70019-70023__encoder_listencode_obj__python_70019_70023_encoder_listencode_obj_line1325_1401,encoder_listencode_obj,m04,4e17a37c74099a7eb277e549de215ea73526dd82e469fbd18bb3af26f263fbfd,SUCCESS,FAIL,True,True,harness/executions/c/llm/batch06/batch06__python-70019-70023__encoder_listencode_obj__python_70019_70023_encoder_listencode_obj_line1325_1401/execution/m04.log
manybugs,python-70019-70023,python_70019_70023_encoder_listencode_obj__line1325_1401,batch06__python-70019-70023__encoder_listencode_obj__python_70019_70023_encoder_listencode_obj_line1325_1401,encoder_listencode_obj,m06,39d22cd06a894c07e4cbfc2431ba21ba5b8bd554c126709bde7a69358441c260,SUCCESS,FAIL,True,True,harness/executions/c/llm/batch06/batch06__python-70019-70023__encoder_listencode_obj__python_70019_70023_encoder_listencode_obj_line1325_1401/execution/m06.log
manybugs,python-70019-70023,python_70019_70023_encoder_listencode_obj__line1325_1401,batch06__python-70019-70023__encoder_listencode_obj__python_70019_70023_encoder_listencode_obj_line1325_1401,encoder_listencode_obj,m08,e9956e157aee420ee0662196cb4c538e55f545ec6e805fee1f96df7f6a204fa7,SUCCESS,FAIL,True,True,harness/executions/c/llm/batch06/batch06__python-70019-70023__encoder_listencode_obj__python_70019_70023_encoder_listencode_obj_line1325_1401/execution/m08.log
