project,subject_id,run_name,target_id,function_name,mutant_id,mutant_hash,build_status,test_status,killed,stored_killed,executable,target_test_count,executed_test_count,failing_test_count,error_test_count,skipped_test_count,not_run_test_count,test_results_source,log_path,org.jsoup.integration.ParseTest::testBaidu,org.jsoup.integration.ParseTest::testBaiduVariant,org.jsoup.integration.ParseTest::testGoogleSearchIpod,org.jsoup.integration.ParseTest::testHtml5Charset,org.jsoup.integration.ParseTest::testNewsHomepage,org.jsoup.integration.ParseTest::testNytArticle,org.jsoup.integration.ParseTest::testSmhBizArticle,org.jsoup.integration.ParseTest::testYahooArticle,org.jsoup.integration.ParseTest::testYahooJp,org.jsoup.nodes.DocumentTest::setTextPreservesDocumentStructure,org.jsoup.nodes.DocumentTest::testClone,org.jsoup.nodes.DocumentTest::testTitles,org.jsoup.nodes.ElementTest::after,org.jsoup.nodes.ElementTest::before,org.jsoup.nodes.ElementTest::dataset,org.jsoup.nodes.ElementTest::parentlessToString,org.jsoup.nodes.ElementTest::testAddNewElement,org.jsoup.nodes.ElementTest::testAddNewHtml,org.jsoup.nodes.ElementTest::testAppendRowToTable,org.jsoup.nodes.ElementTest::testBrHasSpace,org.jsoup.nodes.ElementTest::testClassUpdates,org.jsoup.nodes.ElementTest::testClone,org.jsoup.nodes.ElementTest::testContainerOutput,org.jsoup.nodes.ElementTest::testElementSiblingIndex,org.jsoup.nodes.ElementTest::testEmptyElementFormatHtml,org.jsoup.nodes.ElementTest::testGetChildText,org.jsoup.nodes.ElementTest::testGetElementsWithAttributeDash,org.jsoup.nodes.ElementTest::testGetParents,org.jsoup.nodes.ElementTest::testHasText,org.jsoup.nodes.ElementTest::testHtmlContainsOuter,org.jsoup.nodes.ElementTest::testPrependNewHtml,org.jsoup.nodes.ElementTest::testPrependRowToTable,org.jsoup.nodes.ElementTest::testSetText,org.jsoup.nodes.ElementTest::testTagNameSet,org.jsoup.nodes.ElementTest::testWrap,org.jsoup.nodes.ElementTest::testWrapWithRemainder,org.jsoup.nodes.NodeTest::absHandlesRelativeQuery,org.jsoup.nodes.NodeTest::after,org.jsoup.nodes.NodeTest::before,org.jsoup.nodes.NodeTest::handlesAbsOnImage,org.jsoup.nodes.NodeTest::handlesAbsPrefix,org.jsoup.nodes.NodeTest::handlesAbsPrefixOnHasAttr,org.jsoup.nodes.NodeTest::literalAbsPrefix,org.jsoup.nodes.NodeTest::ownerDocument,org.jsoup.nodes.NodeTest::testRemove,org.jsoup.nodes.NodeTest::testReplace,org.jsoup.nodes.TextNodeTest::testSplitAnEmbolden,org.jsoup.nodes.TextNodeTest::testSplitText,org.jsoup.nodes.TextNodeTest::testTextBean,org.jsoup.parser.AttributeParseTest::strictAttributeUnescapes,org.jsoup.parser.ParserTest::doesNotCreateImplicitLists,org.jsoup.parser.ParserTest::emptyTdTag,org.jsoup.parser.ParserTest::findsCharsetInMalformedMeta,org.jsoup.parser.ParserTest::handlesBaseWithoutHref,org.jsoup.parser.ParserTest::handlesBlocksInDefinitions,org.jsoup.parser.ParserTest::handlesInvalidStartTags,org.jsoup.parser.ParserTest::handlesJavadocFont,org.jsoup.parser.ParserTest::handlesKnownEmptyBlocks,org.jsoup.parser.ParserTest::handlesMultiClosingBody,org.jsoup.parser.ParserTest::handlesSolidusInA,org.jsoup.parser.ParserTest::handlesSpanInTbody,org.jsoup.parser.ParserTest::handlesTextArea,org.jsoup.parser.ParserTest::handlesUnclosedDefinitionLists,org.jsoup.parser.ParserTest::handlesUnknownTags,org.jsoup.parser.ParserTest::parsesBodyFragment,org.jsoup.parser.ParserTest::parsesUnterminatedOption,org.jsoup.parser.ParserTest::parsesUnterminatedTextarea,org.jsoup.select.ElementsTest::absAttr,org.jsoup.select.ElementsTest::after,org.jsoup.select.ElementsTest::attr,org.jsoup.select.ElementsTest::attributes,org.jsoup.select.ElementsTest::before,org.jsoup.select.ElementsTest::classes,org.jsoup.select.ElementsTest::empty,org.jsoup.select.ElementsTest::eq,org.jsoup.select.ElementsTest::filter,org.jsoup.select.ElementsTest::hasAbsAttr,org.jsoup.select.ElementsTest::hasAttr,org.jsoup.select.ElementsTest::hasText,org.jsoup.select.ElementsTest::html,org.jsoup.select.ElementsTest::is,org.jsoup.select.ElementsTest::not,org.jsoup.select.ElementsTest::outerHtml,org.jsoup.select.ElementsTest::parents,org.jsoup.select.ElementsTest::remove,org.jsoup.select.ElementsTest::setHtml,org.jsoup.select.ElementsTest::tagNameSet,org.jsoup.select.ElementsTest::text,org.jsoup.select.ElementsTest::val,org.jsoup.select.ElementsTest::wrap,org.jsoup.select.SelectorTest::adjacentSiblings,org.jsoup.select.SelectorTest::adjacentSiblingsWithId,org.jsoup.select.SelectorTest::and,org.jsoup.select.SelectorTest::caseInsensitive,org.jsoup.select.SelectorTest::containsOwn,org.jsoup.select.SelectorTest::deeperDescendant,org.jsoup.select.SelectorTest::descendant,org.jsoup.select.SelectorTest::generalSiblings,org.jsoup.select.SelectorTest::matchesOwn,org.jsoup.select.SelectorTest::mixCombinator,org.jsoup.select.SelectorTest::mixCombinatorGroup,org.jsoup.select.SelectorTest::multiChildDescent,org.jsoup.select.SelectorTest::notAdjacent,org.jsoup.select.SelectorTest::notAll,org.jsoup.select.SelectorTest::notClass,org.jsoup.select.SelectorTest::notParas,org.jsoup.select.SelectorTest::parentChildElement,org.jsoup.select.SelectorTest::parentChildStar,org.jsoup.select.SelectorTest::parentWithClassChild,org.jsoup.select.SelectorTest::testAllElements,org.jsoup.select.SelectorTest::testAllWithClass,org.jsoup.select.SelectorTest::testByAttribute,org.jsoup.select.SelectorTest::testByAttributeRegex,org.jsoup.select.SelectorTest::testByAttributeRegexCharacterClass,org.jsoup.select.SelectorTest::testByAttributeRegexCombined,org.jsoup.select.SelectorTest::testByAttributeStarting,org.jsoup.select.SelectorTest::testByClass,org.jsoup.select.SelectorTest::testById,org.jsoup.select.SelectorTest::testByTag,org.jsoup.select.SelectorTest::testCharactersInIdAndClass,org.jsoup.select.SelectorTest::testCombinedWithContains,org.jsoup.select.SelectorTest::testGroupOr,org.jsoup.select.SelectorTest::testGroupOrAttribute,org.jsoup.select.SelectorTest::testMatches,org.jsoup.select.SelectorTest::testNamespacedTag,org.jsoup.select.SelectorTest::testNestedHas,org.jsoup.select.SelectorTest::testPseudoBetween,org.jsoup.select.SelectorTest::testPseudoCombined,org.jsoup.select.SelectorTest::testPseudoContains,org.jsoup.select.SelectorTest::testPseudoEquals,org.jsoup.select.SelectorTest::testPseudoGreaterThan,org.jsoup.select.SelectorTest::testPseudoHas,org.jsoup.select.SelectorTest::testPseudoLessThan,org.jsoup.select.SelectorTest::testPsuedoContainsWithParentheses,org.jsoup.select.SelectorTest::testRelaxedTags,org.jsoup.select.SelectorTest::testSupportsLeadingCombinator
Jsoup,Jsoup_13,batch02__Jsoup_13__findElements__jsoup_13f_findElements_line120,jsoup_13f_findElements__line120_152,findElements,m02,0ff2246f832ce0cb0d08b76f260995c4af94d7772509531571050ce3db699eef,SUCCESS,FAIL,True,True,True,136,136,21,0,0,0,test_results.csv,harness/executions/java/llm/batch02/runs/batch02__Jsoup_13__findElements__jsoup_13f_findElements_line120/execution/m02.log,FAIL,FAIL,PASS,FAIL,FAIL,FAIL,PASS,PASS,FAIL,PASS,PASS,PASS,PASS,PASS,PASS,PASS,PASS,PASS,PASS,PASS,PASS,PASS,PASS,PASS,PASS,PASS,FAIL,PASS,PASS,PASS,PASS,PASS,PASS,PASS,PASS,PASS,PASS,PASS,PASS,PASS,PASS,PASS,PASS,PASS,PASS,PASS,PASS,PASS,PASS,PASS,PASS,PASS,PASS,PASS,PASS,PASS,PASS,PASS,PASS,PASS,PASS,PASS,PASS,PASS,PASS,PASS,PASS,PASS,PASS,PASS,FAIL,PASS,PASS,PASS,PASS,PASS,PASS,PASS,PASS,PASS,FAIL,PASS,PASS,PASS,PASS,PASS,PASS,PASS,PASS,PASS,PASS,PASS,FAIL,FAIL,PASS,PASS,PASS,PASS,PASS,PASS,PASS,FAIL,PASS,PASS,PASS,FAIL,PASS,PASS,PASS,PASS,PASS,FAIL,FAIL,FAIL,FAIL,FAIL,PASS,PASS,PASS,PASS,PASS,FAIL,FAIL,PASS,PASS,PASS,PASS,PASS,PASS,PASS,PASS,FAIL,PASS,PASS,PASS,PASS
Jsoup,Jsoup_13,batch02__Jsoup_13__findElements__jsoup_13f_findElements_line120,jsoup_13f_findElements__line120_152,findElements,m03,590ef27dd59b7a2c207cca6da572268ae0ce7015ca4984bc4191da0424f45656,SUCCESS,FAIL,True,True,True,136,136,129,0,0,0,test_results.csv,harness/executions/java/llm/batch02/runs/batch02__Jsoup_13__findElements__jsoup_13f_findElements_line120/execution/m03.log,FAIL,FAIL,FAIL,FAIL,FAIL,FAIL,FAIL,FAIL,FAIL,FAIL,FAIL,FAIL,FAIL,FAIL,FAIL,FAIL,FAIL,FAIL,FAIL,FAIL,FAIL,FAIL,FAIL,FAIL,FAIL,FAIL,FAIL,FAIL,FAIL,FAIL,FAIL,FAIL,FAIL,FAIL,FAIL,FAIL,FAIL,FAIL,FAIL,FAIL,FAIL,PASS,FAIL,FAIL,FAIL,FAIL,FAIL,FAIL,FAIL,FAIL,FAIL,FAIL,FAIL,FAIL,PASS,FAIL,FAIL,FAIL,FAIL,FAIL,FAIL,FAIL,FAIL,FAIL,FAIL,FAIL,FAIL,FAIL,FAIL,FAIL,FAIL,FAIL,FAIL,FAIL,FAIL,FAIL,FAIL,FAIL,FAIL,FAIL,FAIL,FAIL,FAIL,FAIL,FAIL,FAIL,FAIL,FAIL,FAIL,FAIL,FAIL,FAIL,FAIL,FAIL,FAIL,FAIL,FAIL,PASS,FAIL,FAIL,FAIL,FAIL,FAIL,FAIL,FAIL,FAIL,FAIL,FAIL,FAIL,FAIL,PASS,FAIL,FAIL,FAIL,FAIL,FAIL,FAIL,PASS,FAIL,PASS,FAIL,FAIL,PASS,FAIL,FAIL,FAIL,FAIL,FAIL,FAIL,FAIL,FAIL,FAIL,FAIL,FAIL,FAIL,FAIL
Jsoup,Jsoup_13,batch02__Jsoup_13__findElements__jsoup_13f_findElements_line120,jsoup_13f_findElements__line120_152,findElements,m04,69fa2a55e7fa0231569b0b8fa0febe869861b29054ca548125e9a146278b4dc4,FAIL,NOT_RUN,False,False,False,136,0,0,0,0,136,test_results.csv,harness/executions/java/llm/batch02/runs/batch02__Jsoup_13__findElements__jsoup_13f_findElements_line120/execution/m04.log,NOT_RUN,NOT_RUN,NOT_RUN,NOT_RUN,NOT_RUN,NOT_RUN,NOT_RUN,NOT_RUN,NOT_RUN,NOT_RUN,NOT_RUN,NOT_RUN,NOT_RUN,NOT_RUN,NOT_RUN,NOT_RUN,NOT_RUN,NOT_RUN,NOT_RUN,NOT_RUN,NOT_RUN,NOT_RUN,NOT_RUN,NOT_RUN,NOT_RUN,NOT_RUN,NOT_RUN,NOT_RUN,NOT_RUN,NOT_RUN,NOT_RUN,NOT_RUN,NOT_RUN,NOT_RUN,NOT_RUN,NOT_RUN,NOT_RUN,NOT_RUN,NOT_RUN,NOT_RUN,NOT_RUN,NOT_RUN,NOT_RUN,NOT_RUN,NOT_RUN,NOT_RUN,NOT_RUN,NOT_RUN,NOT_RUN,NOT_RUN,NOT_RUN,NOT_RUN,NOT_RUN,NOT_RUN,NOT_RUN,NOT_RUN,NOT_RUN,NOT_RUN,NOT_RUN,NOT_RUN,NOT_RUN,NOT_RUN,NOT_RUN,NOT_RUN,NOT_RUN,NOT_RUN,NOT_RUN,NOT_RUN,NOT_RUN,NOT_RUN,NOT_RUN,NOT_RUN,NOT_RUN,NOT_RUN,NOT_RUN,NOT_RUN,NOT_RUN,NOT_RUN,NOT_RUN,NOT_RUN,NOT_RUN,NOT_RUN,NOT_RUN,NOT_RUN,NOT_RUN,NOT_RUN,NOT_RUN,NOT_RUN,NOT_RUN,NOT_RUN,NOT_RUN,NOT_RUN,NOT_RUN,NOT_RUN,NOT_RUN,NOT_RUN,NOT_RUN,NOT_RUN,NOT_RUN,NOT_RUN,NOT_RUN,NOT_RUN,NOT_RUN,NOT_RUN,NOT_RUN,NOT_RUN,NOT_RUN,NOT_RUN,NOT_RUN,NOT_RUN,NOT_RUN,NOT_RUN,NOT_RUN,NOT_RUN,NOT_RUN,NOT_RUN,NOT_RUN,NOT_RUN,NOT_RUN,NOT_RUN,NOT_RUN,NOT_RUN,NOT_RUN,NOT_RUN,NOT_RUN,NOT_RUN,NOT_RUN,NOT_RUN,NOT_RUN,NOT_RUN,NOT_RUN,NOT_RUN,NOT_RUN,NOT_RUN,NOT_RUN,NOT_RUN
Jsoup,Jsoup_13,batch02__Jsoup_13__findElements__jsoup_13f_findElements_line120,jsoup_13f_findElements__line120_152,findElements,m05,0a08d8553fd7b969bc99155b2a512c67deb23e023c99b8b992bb4fe64e0df0b9,FAIL,NOT_RUN,False,False,False,136,0,0,0,0,136,test_results.csv,harness/executions/java/llm/batch02/runs/batch02__Jsoup_13__findElements__jsoup_13f_findElements_line120/execution/m05.log,NOT_RUN,NOT_RUN,NOT_RUN,NOT_RUN,NOT_RUN,NOT_RUN,NOT_RUN,NOT_RUN,NOT_RUN,NOT_RUN,NOT_RUN,NOT_RUN,NOT_RUN,NOT_RUN,NOT_RUN,NOT_RUN,NOT_RUN,NOT_RUN,NOT_RUN,NOT_RUN,NOT_RUN,NOT_RUN,NOT_RUN,NOT_RUN,NOT_RUN,NOT_RUN,NOT_RUN,NOT_RUN,NOT_RUN,NOT_RUN,NOT_RUN,NOT_RUN,NOT_RUN,NOT_RUN,NOT_RUN,NOT_RUN,NOT_RUN,NOT_RUN,NOT_RUN,NOT_RUN,NOT_RUN,NOT_RUN,NOT_RUN,NOT_RUN,NOT_RUN,NOT_RUN,NOT_RUN,NOT_RUN,NOT_RUN,NOT_RUN,NOT_RUN,NOT_RUN,NOT_RUN,NOT_RUN,NOT_RUN,NOT_RUN,NOT_RUN,NOT_RUN,NOT_RUN,NOT_RUN,NOT_RUN,NOT_RUN,NOT_RUN,NOT_RUN,NOT_RUN,NOT_RUN,NOT_RUN,NOT_RUN,NOT_RUN,NOT_RUN,NOT_RUN,NOT_RUN,NOT_RUN,NOT_RUN,NOT_RUN,NOT_RUN,NOT_RUN,NOT_RUN,NOT_RUN,NOT_RUN,NOT_RUN,NOT_RUN,NOT_RUN,NOT_RUN,NOT_RUN,NOT_RUN,NOT_RUN,NOT_RUN,NOT_RUN,NOT_RUN,NOT_RUN,NOT_RUN,NOT_RUN,NOT_RUN,NOT_RUN,NOT_RUN,NOT_RUN,NOT_RUN,NOT_RUN,NOT_RUN,NOT_RUN,NOT_RUN,NOT_RUN,NOT_RUN,NOT_RUN,NOT_RUN,NOT_RUN,NOT_RUN,NOT_RUN,NOT_RUN,NOT_RUN,NOT_RUN,NOT_RUN,NOT_RUN,NOT_RUN,NOT_RUN,NOT_RUN,NOT_RUN,NOT_RUN,NOT_RUN,NOT_RUN,NOT_RUN,NOT_RUN,NOT_RUN,NOT_RUN,NOT_RUN,NOT_RUN,NOT_RUN,NOT_RUN,NOT_RUN,NOT_RUN,NOT_RUN,NOT_RUN,NOT_RUN,NOT_RUN,NOT_RUN
Jsoup,Jsoup_13,batch02__Jsoup_13__findElements__jsoup_13f_findElements_line120,jsoup_13f_findElements__line120_152,findElements,m06,4945655febd61233161024d1313edb04045835df07bc8ad2cd90be0ca6a261a2,FAIL,NOT_RUN,False,False,False,136,0,0,0,0,136,test_results.csv,harness/executions/java/llm/batch02/runs/batch02__Jsoup_13__findElements__jsoup_13f_findElements_line120/execution/m06.log,NOT_RUN,NOT_RUN,NOT_RUN,NOT_RUN,NOT_RUN,NOT_RUN,NOT_RUN,NOT_RUN,NOT_RUN,NOT_RUN,NOT_RUN,NOT_RUN,NOT_RUN,NOT_RUN,NOT_RUN,NOT_RUN,NOT_RUN,NOT_RUN,NOT_RUN,NOT_RUN,NOT_RUN,NOT_RUN,NOT_RUN,NOT_RUN,NOT_RUN,NOT_RUN,NOT_RUN,NOT_RUN,NOT_RUN,NOT_RUN,NOT_RUN,NOT_RUN,NOT_RUN,NOT_RUN,NOT_RUN,NOT_RUN,NOT_RUN,NOT_RUN,NOT_RUN,NOT_RUN,NOT_RUN,NOT_RUN,NOT_RUN,NOT_RUN,NOT_RUN,NOT_RUN,NOT_RUN,NOT_RUN,NOT_RUN,NOT_RUN,NOT_RUN,NOT_RUN,NOT_RUN,NOT_RUN,NOT_RUN,NOT_RUN,NOT_RUN,NOT_RUN,NOT_RUN,NOT_RUN,NOT_RUN,NOT_RUN,NOT_RUN,NOT_RUN,NOT_RUN,NOT_RUN,NOT_RUN,NOT_RUN,NOT_RUN,NOT_RUN,NOT_RUN,NOT_RUN,NOT_RUN,NOT_RUN,NOT_RUN,NOT_RUN,NOT_RUN,NOT_RUN,NOT_RUN,NOT_RUN,NOT_RUN,NOT_RUN,NOT_RUN,NOT_RUN,NOT_RUN,NOT_RUN,NOT_RUN,NOT_RUN,NOT_RUN,NOT_RUN,NOT_RUN,NOT_RUN,NOT_RUN,NOT_RUN,NOT_RUN,NOT_RUN,NOT_RUN,NOT_RUN,NOT_RUN,NOT_RUN,NOT_RUN,NOT_RUN,NOT_RUN,NOT_RUN,NOT_RUN,NOT_RUN,NOT_RUN,NOT_RUN,NOT_RUN,NOT_RUN,NOT_RUN,NOT_RUN,NOT_RUN,NOT_RUN,NOT_RUN,NOT_RUN,NOT_RUN,NOT_RUN,NOT_RUN,NOT_RUN,NOT_RUN,NOT_RUN,NOT_RUN,NOT_RUN,NOT_RUN,NOT_RUN,NOT_RUN,NOT_RUN,NOT_RUN,NOT_RUN,NOT_RUN,NOT_RUN,NOT_RUN,NOT_RUN,NOT_RUN,NOT_RUN
Jsoup,Jsoup_13,batch02__Jsoup_13__findElements__jsoup_13f_findElements_line120,jsoup_13f_findElements__line120_152,findElements,m07,d0bcb3119f5e2d380ee7e9934b4f8c8a8f4288247a88fa0cd738ee7628e4804d,SUCCESS,FAIL,True,True,True,136,136,3,0,0,0,test_results.csv,harness/executions/java/llm/batch02/runs/batch02__Jsoup_13__findElements__jsoup_13f_findElements_line120/execution/m07.log,PASS,PASS,PASS,PASS,PASS,PASS,PASS,PASS,PASS,PASS,PASS,PASS,PASS,PASS,PASS,PASS,PASS,PASS,PASS,PASS,PASS,PASS,PASS,PASS,PASS,PASS,PASS,PASS,PASS,PASS,PASS,PASS,PASS,PASS,PASS,PASS,PASS,PASS,PASS,PASS,PASS,PASS,PASS,PASS,PASS,PASS,PASS,PASS,PASS,PASS,PASS,PASS,PASS,PASS,PASS,PASS,PASS,PASS,PASS,PASS,PASS,PASS,PASS,PASS,PASS,PASS,PASS,PASS,PASS,PASS,PASS,PASS,PASS,PASS,PASS,PASS,PASS,PASS,PASS,PASS,PASS,PASS,PASS,PASS,PASS,PASS,PASS,PASS,PASS,PASS,PASS,PASS,PASS,PASS,PASS,PASS,PASS,PASS,PASS,PASS,PASS,PASS,PASS,PASS,PASS,PASS,PASS,PASS,PASS,PASS,PASS,PASS,PASS,PASS,PASS,PASS,PASS,PASS,PASS,PASS,PASS,PASS,PASS,PASS,PASS,PASS,FAIL,FAIL,PASS,PASS,FAIL,PASS,PASS,PASS,PASS,PASS
Jsoup,Jsoup_13,batch02__Jsoup_13__findElements__jsoup_13f_findElements_line120,jsoup_13f_findElements__line120_152,findElements,m08,7f95f70c728d97077fb8bc38e9ec6c192aca95a17e6f2b801b735965ae2c3d0b,FAIL,NOT_RUN,False,False,False,136,0,0,0,0,136,test_results.csv,harness/executions/java/llm/batch02/runs/batch02__Jsoup_13__findElements__jsoup_13f_findElements_line120/execution/m08.log,NOT_RUN,NOT_RUN,NOT_RUN,NOT_RUN,NOT_RUN,NOT_RUN,NOT_RUN,NOT_RUN,NOT_RUN,NOT_RUN,NOT_RUN,NOT_RUN,NOT_RUN,NOT_RUN,NOT_RUN,NOT_RUN,NOT_RUN,NOT_RUN,NOT_RUN,NOT_RUN,NOT_RUN,NOT_RUN,NOT_RUN,NOT_RUN,NOT_RUN,NOT_RUN,NOT_RUN,NOT_RUN,NOT_RUN,NOT_RUN,NOT_RUN,NOT_RUN,NOT_RUN,NOT_RUN,NOT_RUN,NOT_RUN,NOT_RUN,NOT_RUN,NOT_RUN,NOT_RUN,NOT_RUN,NOT_RUN,NOT_RUN,NOT_RUN,NOT_RUN,NOT_RUN,NOT_RUN,NOT_RUN,NOT_RUN,NOT_RUN,NOT_RUN,NOT_RUN,NOT_RUN,NOT_RUN,NOT_RUN,NOT_RUN,NOT_RUN,NOT_RUN,NOT_RUN,NOT_RUN,NOT_RUN,NOT_RUN,NOT_RUN,NOT_RUN,NOT_RUN,NOT_RUN,NOT_RUN,NOT_RUN,NOT_RUN,NOT_RUN,NOT_RUN,NOT_RUN,NOT_RUN,NOT_RUN,NOT_RUN,NOT_RUN,NOT_RUN,NOT_RUN,NOT_RUN,NOT_RUN,NOT_RUN,NOT_RUN,NOT_RUN,NOT_RUN,NOT_RUN,NOT_RUN,NOT_RUN,NOT_RUN,NOT_RUN,NOT_RUN,NOT_RUN,NOT_RUN,NOT_RUN,NOT_RUN,NOT_RUN,NOT_RUN,NOT_RUN,NOT_RUN,NOT_RUN,NOT_RUN,NOT_RUN,NOT_RUN,NOT_RUN,NOT_RUN,NOT_RUN,NOT_RUN,NOT_RUN,NOT_RUN,NOT_RUN,NOT_RUN,NOT_RUN,NOT_RUN,NOT_RUN,NOT_RUN,NOT_RUN,NOT_RUN,NOT_RUN,NOT_RUN,NOT_RUN,NOT_RUN,NOT_RUN,NOT_RUN,NOT_RUN,NOT_RUN,NOT_RUN,NOT_RUN,NOT_RUN,NOT_RUN,NOT_RUN,NOT_RUN,NOT_RUN,NOT_RUN,NOT_RUN,NOT_RUN,NOT_RUN,NOT_RUN
