dataset,subject_id,target_id,run_name,function_name,mutant_id,mutant_hash,build_status,test_status,killed,executable,log_path
defects4j,Jsoup_12,jsoup_12f_parseAttribute__line183_214,batch01__Jsoup_12__parseAttribute__jsoup_12f_parseAttribute_line183,parseAttribute,m07,17c4b103b37f409af33a2753069cee47c5342b4a8c1fc707aca79d4e616a1195,SUCCESS,FAIL,True,True,harness/executions/java/llm/batch01/runs/batch01__Jsoup_12__parseAttribute__jsoup_12f_parseAttribute_line183/execution/m07.log
defects4j,Jsoup_12,jsoup_12f_parseAttribute__line183_214,batch01__Jsoup_12__parseAttribute__jsoup_12f_parseAttribute_line183,parseAttribute,m01,c5df1c166a59b193c34000fce3c7e460bc29519567afd6c3da70e8ed95b8f093,SUCCESS,FAIL,False,True,harness/executions/java/llm/batch01/runs/batch01__Jsoup_12__parseAttribute__jsoup_12f_parseAttribute_line183/execution/m01.log
defects4j,Jsoup_12,jsoup_12f_parseAttribute__line183_214,batch01__Jsoup_12__parseAttribute__jsoup_12f_parseAttribute_line183,parseAttribute,m08,29f7261963a38b25c34d4df979683b72c3ee89c74ec199eefe12a911a7ba74ca,SUCCESS,FAIL,True,True,harness/executions/java/llm/batch01/runs/batch01__Jsoup_12__parseAttribute__jsoup_12f_parseAttribute_line183/execution/m08.log
