dataset,subject_id,target_id,run_name,function_name,mutant_id,mutant_hash,build_status,test_status,killed,executable,log_path
defects4j,Csv_2,csv_2f_nextRecord__line183_222,batch15__Csv_2__nextRecord__csv_2f_nextRecord_line183,nextRecord,m03,9e8c748148ba90437f162e2fe35dcc8c3c44d49ac9402de997855dcdfddd52fe,SUCCESS,PASS,False,True,harness/executions/java/llm/16/batch15__Csv_2__nextRecord__csv_2f_nextRecord_line183/execution/m03.log
defects4j,Csv_2,csv_2f_nextRecord__line183_222,batch15__Csv_2__nextRecord__csv_2f_nextRecord_line183,nextRecord,m06,2bc2ad581e828452504ceff971789b70d442e0d899c83df6d48bc25ce2c44a67,SUCCESS,PASS,False,True,harness/executions/java/llm/16/batch15__Csv_2__nextRecord__csv_2f_nextRecord_line183/execution/m06.log
defects4j,Csv_2,csv_2f_nextRecord__line183_222,batch15__Csv_2__nextRecord__csv_2f_nextRecord_line183,nextRecord,m09,e12e28e6ab3dac343a271acd758dddae919a8e9fcbcc6f913ebed33ddb5db02e,SUCCESS,FAIL,False,True,harness/executions/java/llm/16/batch15__Csv_2__nextRecord__csv_2f_nextRecord_line183/execution/m09.log
defects4j,Csv_2,csv_2f_nextRecord__line183_222,batch15__Csv_2__nextRecord__csv_2f_nextRecord_line183,nextRecord,m11,e55abf5ae8f7158c12b0572bc147360b6a1e97e25c0134b881412b4a973bce01,SUCCESS,FAIL,False,True,harness/executions/java/llm/16/batch15__Csv_2__nextRecord__csv_2f_nextRecord_line183/execution/m11.log
defects4j,Csv_2,csv_2f_nextRecord__line183_222,batch15__Csv_2__nextRecord__csv_2f_nextRecord_line183,nextRecord,m14,3677a81dc37193e613c1dbaf867deb91ebe55dbf57a0c6a5a7226bc09e953ba0,FAIL,NOT_RUN,False,False,harness/executions/java/llm/16/batch15__Csv_2__nextRecord__csv_2f_nextRecord_line183/execution/m14.log
defects4j,Csv_2,csv_2f_nextRecord__line183_222,batch15__Csv_2__nextRecord__csv_2f_nextRecord_line183,nextRecord,m01,d675e1e516afa18108fe2af51dc77b591152d6fb18fba3ee5f132f5cc249613f,SUCCESS,FAIL,True,True,harness/executions/java/llm/16/batch15__Csv_2__nextRecord__csv_2f_nextRecord_line183/execution/m01.log
defects4j,Csv_2,csv_2f_nextRecord__line183_222,batch15__Csv_2__nextRecord__csv_2f_nextRecord_line183,nextRecord,m04,adb8258feb2b482bc3e22f13b8a6d096a9ac4100c8aa3a6855b1b4290cd6cdfa,SUCCESS,PASS,False,True,harness/executions/java/llm/16/batch15__Csv_2__nextRecord__csv_2f_nextRecord_line183/execution/m04.log
defects4j,Csv_2,csv_2f_nextRecord__line183_222,batch15__Csv_2__nextRecord__csv_2f_nextRecord_line183,nextRecord,m08,079f99064ef07c109f4fbdbd2d05ebab3a2eb99093ff9f55a98e76e9fbf31eba,SUCCESS,FAIL,False,True,harness/executions/java/llm/16/batch15__Csv_2__nextRecord__csv_2f_nextRecord_line183/execution/m08.log
defects4j,Csv_2,csv_2f_nextRecord__line183_222,batch15__Csv_2__nextRecord__csv_2f_nextRecord_line183,nextRecord,m10,368fa789d84108c6eb6ec9ddc971ef621eff9f3f359630082bf33e8ac3177a1c,FAIL,NOT_RUN,False,False,harness/executions/java/llm/16/batch15__Csv_2__nextRecord__csv_2f_nextRecord_line183/execution/m10.log
defects4j,Csv_2,csv_2f_nextRecord__line183_222,batch15__Csv_2__nextRecord__csv_2f_nextRecord_line183,nextRecord,m12,1c90cc4449c972524d122858d414d90b2151cfd4b8f8361950ef6fffb7046164,FAIL,NOT_RUN,False,False,harness/executions/java/llm/16/batch15__Csv_2__nextRecord__csv_2f_nextRecord_line183/execution/m12.log
defects4j,Csv_2,csv_2f_nextRecord__line183_222,batch15__Csv_2__nextRecord__csv_2f_nextRecord_line183,nextRecord,m16,cb87ca0526269a82b84aec0300cefb33c77fdfea00633b4b65428329fde01ca4,SUCCESS,FAIL,False,True,harness/executions/java/llm/16/batch15__Csv_2__nextRecord__csv_2f_nextRecord_line183/execution/m16.log
