mutant_id,com.fasterxml.jackson.databind.TestObjectMapperBeanDeserializer::testListBean,com.fasterxml.jackson.databind.TestObjectMapperBeanDeserializer::testSimpleBean,com.fasterxml.jackson.databind.big.TestBiggerData::testRoundTrip,com.fasterxml.jackson.databind.contextual.TestContextualSerialization::testMethodAnnotationInList,com.fasterxml.jackson.databind.convert.TestArrayConversions::testOverflows,com.fasterxml.jackson.databind.convert.TestConvertingSerializer::testClassAnnotationForLists,com.fasterxml.jackson.databind.convert.TestConvertingSerializer::testIssue359,com.fasterxml.jackson.databind.convert.TestConvertingSerializer::testPropertyAnnotationForLists,com.fasterxml.jackson.databind.convert.TestStringConversions::testSimple,com.fasterxml.jackson.databind.deser.TestArrayDeserialization::testBeanArray,com.fasterxml.jackson.databind.deser.TestIgnoredTypes::testListWithMixins,com.fasterxml.jackson.databind.deser.TestMapDeserialization::testEnumPolymorphicSerializationTest,com.fasterxml.jackson.databind.deser.TestParentChildReferences::testIssue693,com.fasterxml.jackson.databind.deser.TestParentChildReferences::testListOfRefs,com.fasterxml.jackson.databind.introspect.TestJacksonAnnotationIntrospector::testSerializeDeserializeWithJaxbAnnotations,com.fasterxml.jackson.databind.introspect.TestNamingStrategyCustom::testWithGetterAsSetter,com.fasterxml.jackson.databind.introspect.TestPOJOPropertiesCollector::testJackson703,com.fasterxml.jackson.databind.jsonschema.TestGenerateJsonSchema::testGeneratingJsonSchema,com.fasterxml.jackson.databind.jsonschema.TestGenerateJsonSchema::testSchemaSerialization,com.fasterxml.jackson.databind.jsonschema.TestReadJsonSchema::testDeserializeSimple,com.fasterxml.jackson.databind.jsontype.TestAbstractContainers::testAbstractLists,com.fasterxml.jackson.databind.jsontype.TestAbstractTypeNames::testEmptyCollection,com.fasterxml.jackson.databind.jsontype.TestAbstractWithObjectId::testIssue877,com.fasterxml.jackson.databind.jsontype.TestDefaultForLists::testDateTypes,com.fasterxml.jackson.databind.jsontype.TestDefaultForLists::testJackson628,com.fasterxml.jackson.databind.jsontype.TestDefaultForLists::testJackson667,com.fasterxml.jackson.databind.jsontype.TestDefaultForLists::testListOfLongs,com.fasterxml.jackson.databind.jsontype.TestDefaultForLists::testListOfNumbers,com.fasterxml.jackson.databind.jsontype.TestDefaultForMaps::testJackson428,com.fasterxml.jackson.databind.jsontype.TestDefaultForMaps::testList,com.fasterxml.jackson.databind.jsontype.TestDefaultForMaps::testMap,com.fasterxml.jackson.databind.jsontype.TestDefaultForObject::testEnumSet,com.fasterxml.jackson.databind.jsontype.TestEnumTyping::testEnumInterfaceList,com.fasterxml.jackson.databind.jsontype.TestEnumTyping::testTagList,com.fasterxml.jackson.databind.jsontype.TestGenericListSerialization::testSubTypesFor356,com.fasterxml.jackson.databind.jsontype.TestPropertyTypeInfo::testSimpleListField,com.fasterxml.jackson.databind.jsontype.TestPropertyTypeInfo::testSimpleListMethod,com.fasterxml.jackson.databind.jsontype.TestTypedArraySerialization::testIntList,com.fasterxml.jackson.databind.jsontype.TestTypedArraySerialization::testListWithPolymorphic,com.fasterxml.jackson.databind.jsontype.TestTypedArraySerialization::testStringListAsObjectWrapper,com.fasterxml.jackson.databind.jsontype.TestTypedArraySerialization::testStringListAsProp,com.fasterxml.jackson.databind.jsontype.TestTypedContainerSerialization::testIssue508,com.fasterxml.jackson.databind.jsontype.TestTypedSerialization::testTypedMaps,com.fasterxml.jackson.databind.jsontype.TestWithGenerics::testJackson387,com.fasterxml.jackson.databind.jsontype.TestWithGenerics::testJackson430,com.fasterxml.jackson.databind.ser.TestBeanSerializer::testModifyCollectionSerializer,com.fasterxml.jackson.databind.ser.TestCollectionSerialization::testBigCollection,com.fasterxml.jackson.databind.ser.TestCollectionSerialization::testCollections,com.fasterxml.jackson.databind.ser.TestCollectionSerialization::testEmptyBeanCollection,com.fasterxml.jackson.databind.ser.TestCollectionSerialization::testEmptyListOrArray,com.fasterxml.jackson.databind.ser.TestCollectionSerialization::testWithIterable,com.fasterxml.jackson.databind.ser.TestCustomSerializers::testCustomLists,com.fasterxml.jackson.databind.ser.TestEnumSerialization::testEnumSet,com.fasterxml.jackson.databind.ser.TestExceptionHandling::testCatchAndRethrow,com.fasterxml.jackson.databind.ser.TestExceptionHandling::testExceptionWithGeneratorMapping,com.fasterxml.jackson.databind.ser.TestExceptionHandling::testExceptionWithMapperAndGenerator,com.fasterxml.jackson.databind.ser.TestExceptionHandling::testExceptionWithSimpleMapper,com.fasterxml.jackson.databind.ser.TestFeatures::testSingleElementCollections,com.fasterxml.jackson.databind.ser.TestGenericTypes::testIssue468b,com.fasterxml.jackson.databind.ser.TestJsonSerialize2::testEmptyInclusion,com.fasterxml.jackson.databind.ser.TestJsonSerialize2::testSerializedAsListWithClassAnnotations,com.fasterxml.jackson.databind.ser.TestJsonSerialize2::testSerializedAsListWithClassSerializer,com.fasterxml.jackson.databind.ser.TestJsonSerialize2::testSerializedAsListWithPropertyAnnotations,com.fasterxml.jackson.databind.ser.TestJsonSerialize2::testSerializedAsListWithPropertyAnnotations2,com.fasterxml.jackson.databind.ser.TestJsonSerialize3::testCustomContentSerializer,com.fasterxml.jackson.databind.ser.TestJsonSerialize::testStaticTypingWithArrayList,com.fasterxml.jackson.databind.ser.TestJsonSerialize::testStaticTypingWithLinkedList,com.fasterxml.jackson.databind.ser.TestJsonValue::testInList,com.fasterxml.jackson.databind.ser.TestMapSerialization::testMapKeyValueSerialization,com.fasterxml.jackson.databind.ser.TestNullProperties::testDefaultForEmptyList,com.fasterxml.jackson.databind.ser.TestRootType::testJackson398,com.fasterxml.jackson.databind.ser.TestTypedRootValueSerialization::testTypedLists,com.fasterxml.jackson.databind.ser.TestUntypedSerialization::testFromArray,com.fasterxml.jackson.databind.struct.TestFormatForCollections::testListAsObject,com.fasterxml.jackson.databind.struct.TestObjectId::testMixedRefsIssue188,com.fasterxml.jackson.databind.struct.TestObjectIdWithEquals::testSimpleEquals,com.fasterxml.jackson.databind.struct.TestObjectIdWithPolymorphic::testIssue811,n_tests_killing,killed
m01,0,0,0,0,0,0,0,0,0,0,0,0,0,0,0,0,0,0,0,0,0,0,0,0,0,0,0,0,0,0,0,0,0,0,0,0,0,0,0,0,0,0,0,0,0,0,0,0,0,0,0,0,0,0,0,0,0,0,0,0,0,0,0,0,0,0,0,0,0,0,0,0,0,0,0,0,0,0,0
m02,0,0,0,0,0,0,0,0,0,0,0,0,0,0,0,0,0,0,0,1,0,0,0,0,0,0,0,0,0,0,0,1,0,0,0,0,0,0,0,0,0,0,0,0,0,0,0,0,0,0,0,0,1,0,0,0,0,0,0,0,0,0,0,0,0,0,0,0,0,0,0,0,0,0,0,0,0,3,1
m03,0,0,0,0,0,0,0,0,0,0,0,0,0,0,0,0,0,0,0,0,0,0,0,0,0,0,0,0,0,0,0,0,0,0,0,0,0,0,0,0,0,0,0,0,0,0,0,0,0,0,0,0,0,0,0,0,0,0,0,0,0,0,0,0,0,0,0,0,0,0,0,0,0,0,0,0,0,0,0
m04,0,0,0,0,0,0,0,0,0,0,0,0,0,0,0,0,0,0,0,0,0,0,0,0,0,0,0,0,0,0,0,0,0,0,0,0,0,0,0,0,0,0,0,0,0,0,0,0,0,0,0,0,0,0,0,0,0,0,0,0,0,0,0,0,0,0,0,0,0,0,0,0,0,0,0,0,0,0,0
m07,0,0,0,0,0,0,0,0,0,0,0,0,0,0,0,0,0,0,0,0,0,0,0,0,0,0,0,0,0,0,0,0,0,0,0,0,0,0,0,0,0,0,0,0,0,1,0,0,0,0,0,0,0,0,0,0,0,0,0,0,0,0,0,0,0,0,0,0,0,0,0,0,0,0,0,0,0,1,1
m08,0,0,0,0,0,0,0,0,0,0,0,0,0,0,0,0,0,0,0,0,0,0,0,0,0,0,0,0,0,0,0,0,0,0,0,0,0,0,0,0,0,0,0,0,0,0,0,0,0,0,0,0,0,0,0,0,0,0,0,0,0,0,0,0,0,0,0,0,0,0,0,0,0,1,0,0,0,1,1
