project,subject_id,run_name,target_id,function_name,mutant_id,mutant_hash,build_status,test_status,killed,stored_killed,executable,target_test_count,executed_test_count,failing_test_count,error_test_count,skipped_test_count,not_run_test_count,test_results_source,log_path,org.apache.commons.lang3.StringEscapeUtilsTest::testUnescapeCsvString,org.apache.commons.lang3.StringEscapeUtilsTest::testUnescapeCsvWriter,org.apache.commons.lang3.StringUtilsEqualsIndexOfTest::testContainsAny_StringCharArray,org.apache.commons.lang3.StringUtilsEqualsIndexOfTest::testContainsAny_StringCharArrayWithBadSupplementaryChars,org.apache.commons.lang3.StringUtilsEqualsIndexOfTest::testContainsAny_StringCharArrayWithSupplementaryChars,org.apache.commons.lang3.StringUtilsEqualsIndexOfTest::testContainsAny_StringString,org.apache.commons.lang3.StringUtilsEqualsIndexOfTest::testContainsAny_StringWithBadSupplementaryChars,org.apache.commons.lang3.StringUtilsEqualsIndexOfTest::testContainsAny_StringWithSupplementaryChars
Lang,Lang_1,batch02__Lang_1__containsAny__lang_1f_containsAny_line1515,lang_1f_containsAny__line1515_1543,containsAny,m01,ce2888aec544662e6315a3c957fb9e0c8e6dba589a4199fff301f1730c7d323c,SUCCESS,FAIL,True,True,True,8,8,2,0,0,0,test_results.csv,harness/executions/java/llm/batch02/runs/batch02__Lang_1__containsAny__lang_1f_containsAny_line1515/execution/m01.log,PASS,PASS,FAIL,PASS,PASS,FAIL,PASS,PASS
Lang,Lang_1,batch02__Lang_1__containsAny__lang_1f_containsAny_line1515,lang_1f_containsAny__line1515_1543,containsAny,m02,fedb028a2b1c759e6cb1ae92d1ed4628fb53cae9e83117843fca86186863b897,FAIL,NOT_RUN,False,False,False,8,0,0,0,0,8,test_results.csv,harness/executions/java/llm/batch02/runs/batch02__Lang_1__containsAny__lang_1f_containsAny_line1515/execution/m02.log,NOT_RUN,NOT_RUN,NOT_RUN,NOT_RUN,NOT_RUN,NOT_RUN,NOT_RUN,NOT_RUN
Lang,Lang_1,batch02__Lang_1__containsAny__lang_1f_containsAny_line1515,lang_1f_containsAny__line1515_1543,containsAny,m04,703fcea7c1c3f4cc68ddc82e67050a8c8c53a4ccbdf6127f69069b657fba5ae7,SUCCESS,FAIL,True,True,True,8,8,8,0,0,0,test_results.csv,harness/executions/java/llm/batch02/runs/batch02__Lang_1__containsAny__lang_1f_containsAny_line1515/execution/m04.log,FAIL,FAIL,FAIL,FAIL,FAIL,FAIL,FAIL,FAIL
Lang,Lang_1,batch02__Lang_1__containsAny__lang_1f_containsAny_line1515,lang_1f_containsAny__line1515_1543,containsAny,m05,41913ef3df1344c2e30513d66493c130e92f8e20cec3606c23f37d0e555c1e6e,SUCCESS,FAIL,True,True,True,8,8,2,0,0,0,test_results.csv,harness/executions/java/llm/batch02/runs/batch02__Lang_1__containsAny__lang_1f_containsAny_line1515/execution/m05.log,FAIL,FAIL,PASS,PASS,PASS,PASS,PASS,PASS
Lang,Lang_1,batch02__Lang_1__containsAny__lang_1f_containsAny_line1515,lang_1f_containsAny__line1515_1543,containsAny,m06,a8043b93c748cee085dec812baf05e224be7b797e8b5afaf4b730825b7469d62,SUCCESS,FAIL,True,True,True,8,8,6,0,0,0,test_results.csv,harness/executions/java/llm/batch02/runs/batch02__Lang_1__containsAny__lang_1f_containsAny_line1515/execution/m06.log,FAIL,FAIL,FAIL,PASS,FAIL,FAIL,PASS,FAIL
Lang,Lang_1,batch02__Lang_1__containsAny__lang_1f_containsAny_line1515,lang_1f_containsAny__line1515_1543,containsAny,m07,ba279e25c4193eb6cbc5e1500f4078717beba26a7807fe59733056c45a9b8ebe,SUCCESS,FAIL,True,True,True,8,8,5,0,0,0,test_results.csv,harness/executions/java/llm/batch02/runs/batch02__Lang_1__containsAny__lang_1f_containsAny_line1515/execution/m07.log,FAIL,FAIL,FAIL,PASS,FAIL,FAIL,PASS,PASS
Lang,Lang_1,batch02__Lang_1__containsAny__lang_1f_containsAny_line1515,lang_1f_containsAny__line1515_1543,containsAny,m08,95172efb00f7692557367fcfeaf83c615bf9b6da5e9b7a706546998d574285df,SUCCESS,FAIL,True,True,True,8,8,1,0,0,0,test_results.csv,harness/executions/java/llm/batch02/runs/batch02__Lang_1__containsAny__lang_1f_containsAny_line1515/execution/m08.log,PASS,PASS,FAIL,PASS,PASS,PASS,PASS,PASS
